Epoch [1/90], Iter. [0100/4704], Loss: 31.8170, Time[Data/Iter.]: [9.87s/61.04s]
Epoch [1/90], Iter. [0200/4704], Loss: 27.1357, Time[Data/Iter.]: [4.37s/54.72s]
Epoch [1/90], Iter. [0300/4704], Loss: 27.1171, Time[Data/Iter.]: [4.35s/57.70s]
Epoch [1/90], Iter. [0400/4704], Loss: 26.1484, Time[Data/Iter.]: [4.30s/58.92s]
Epoch [1/90], Iter. [0500/4704], Loss: 26.2825, Time[Data/Iter.]: [4.23s/56.27s]
Epoch [1/90], Iter. [0600/4704], Loss: 25.7628, Time[Data/Iter.]: [4.25s/57.03s]
Epoch [1/90], Iter. [0700/4704], Loss: 26.4114, Time[Data/Iter.]: [4.29s/56.67s]
Epoch [1/90], Iter. [0800/4704], Loss: 25.5411, Time[Data/Iter.]: [4.25s/59.07s]
Epoch [1/90], Iter. [0900/4704], Loss: 25.4522, Time[Data/Iter.]: [3.98s/59.28s]
Epoch [1/90], Iter. [1000/4704], Loss: 25.1806, Time[Data/Iter.]: [4.07s/57.63s]
Epoch [1/90], Iter. [1100/4704], Loss: 24.4581, Time[Data/Iter.]: [4.06s/58.66s]
Epoch [1/90], Iter. [1200/4704], Loss: 24.4614, Time[Data/Iter.]: [4.19s/58.65s]
Epoch [1/90], Iter. [1300/4704], Loss: 24.4863, Time[Data/Iter.]: [4.26s/58.66s]
Epoch [1/90], Iter. [1400/4704], Loss: 24.2076, Time[Data/Iter.]: [4.18s/59.21s]
Epoch [1/90], Iter. [1500/4704], Loss: 24.6245, Time[Data/Iter.]: [4.10s/57.77s]
Epoch [1/90], Iter. [1600/4704], Loss: 24.4706, Time[Data/Iter.]: [4.20s/58.21s]
epoch=1, mAP=tensor([2.5223e-07, 0.0000e+00, 0.0000e+00, 0.0000e+00, 0.0000e+00, 0.0000e+00,
        0.0000e+00, 0.0000e+00, 0.0000e+00, 0.0000e+00, 0.0000e+00, 0.0000e+00,
        0.0000e+00, 0.0000e+00, 0.0000e+00, 0.0000e+00, 0.0000e+00, 0.0000e+00,
        0.0000e+00, 0.0000e+00, 0.0000e+00, 0.0000e+00, 0.0000e+00, 0.0000e+00,
        0.0000e+00, 0.0000e+00, 0.0000e+00, 0.0000e+00, 0.0000e+00, 0.0000e+00,
        0.0000e+00, 0.0000e+00, 0.0000e+00, 0.0000e+00, 0.0000e+00, 0.0000e+00,
        0.0000e+00, 0.0000e+00, 0.0000e+00, 0.0000e+00, 0.0000e+00, 0.0000e+00,
        0.0000e+00, 0.0000e+00, 0.0000e+00, 0.0000e+00, 0.0000e+00, 0.0000e+00,
        0.0000e+00, 0.0000e+00, 0.0000e+00, 0.0000e+00, 0.0000e+00, 0.0000e+00,
        0.0000e+00, 0.0000e+00, 0.0000e+00, 0.0000e+00, 0.0000e+00, 0.0000e+00,
        0.0000e+00, 0.0000e+00, 0.0000e+00, 0.0000e+00, 0.0000e+00, 0.0000e+00,
        0.0000e+00, 0.0000e+00, 0.0000e+00, 0.0000e+00, 0.0000e+00, 0.0000e+00,
        0.0000e+00, 0.0000e+00, 0.0000e+00, 0.0000e+00, 0.0000e+00, 0.0000e+00,
        0.0000e+00, 0.0000e+00], dtype=torch.float64), max_recall=tensor([0.0020, 0.0000, 0.0000, 0.0000, 0.0000, 0.0000, 0.0000, 0.0000, 0.0000,
        0.0000, 0.0000, 0.0000, 0.0000, 0.0000, 0.0000, 0.0000, 0.0000, 0.0000,
        0.0000, 0.0000, 0.0000, 0.0000, 0.0000, 0.0000, 0.0000, 0.0000, 0.0000,
        0.0000, 0.0000, 0.0000, 0.0000, 0.0000, 0.0000, 0.0000, 0.0000, 0.0000,
        0.0000, 0.0000, 0.0000, 0.0000, 0.0000, 0.0000, 0.0000, 0.0000, 0.0000,
        0.0000, 0.0000, 0.0000, 0.0000, 0.0000, 0.0000, 0.0000, 0.0000, 0.0000,
        0.0000, 0.0000, 0.0000, 0.0000, 0.0000, 0.0000, 0.0000, 0.0000, 0.0000,
        0.0000, 0.0000, 0.0000, 0.0000, 0.0000, 0.0000, 0.0000, 0.0000, 0.0000,
        0.0000, 0.0000, 0.0000, 0.0000, 0.0000, 0.0000, 0.0000, 0.0000],
       dtype=torch.float64)
epoch=1, mAP=tensor([1.1409e-06, 0.0000e+00, 0.0000e+00, 0.0000e+00, 0.0000e+00, 0.0000e+00,
        0.0000e+00, 0.0000e+00, 0.0000e+00, 0.0000e+00, 0.0000e+00, 0.0000e+00,
        0.0000e+00, 0.0000e+00, 0.0000e+00, 0.0000e+00, 0.0000e+00, 0.0000e+00,
        0.0000e+00, 0.0000e+00, 0.0000e+00, 0.0000e+00, 0.0000e+00, 0.0000e+00,
        0.0000e+00, 0.0000e+00, 0.0000e+00, 0.0000e+00, 0.0000e+00, 0.0000e+00,
        0.0000e+00, 0.0000e+00, 0.0000e+00, 0.0000e+00, 0.0000e+00, 0.0000e+00,
        0.0000e+00, 0.0000e+00, 0.0000e+00, 0.0000e+00, 0.0000e+00, 0.0000e+00,
        0.0000e+00, 0.0000e+00, 0.0000e+00, 0.0000e+00, 0.0000e+00, 0.0000e+00,
        0.0000e+00, 0.0000e+00, 0.0000e+00, 0.0000e+00, 0.0000e+00, 0.0000e+00,
        0.0000e+00, 0.0000e+00, 0.0000e+00, 0.0000e+00, 0.0000e+00, 0.0000e+00,
        0.0000e+00, 0.0000e+00, 0.0000e+00, 0.0000e+00, 0.0000e+00, 0.0000e+00,
        0.0000e+00, 0.0000e+00, 0.0000e+00, 0.0000e+00, 0.0000e+00, 0.0000e+00,
        0.0000e+00, 0.0000e+00, 0.0000e+00, 0.0000e+00, 0.0000e+00, 0.0000e+00,
        0.0000e+00, 0.0000e+00], dtype=torch.float64), max_recall=tensor([0.0023, 0.0000, 0.0000, 0.0000, 0.0000, 0.0000, 0.0000, 0.0000, 0.0000,
        0.0000, 0.0000, 0.0000, 0.0000, 0.0000, 0.0000, 0.0000, 0.0000, 0.0000,
        0.0000, 0.0000, 0.0000, 0.0000, 0.0000, 0.0000, 0.0000, 0.0000, 0.0000,
        0.0000, 0.0000, 0.0000, 0.0000, 0.0000, 0.0000, 0.0000, 0.0000, 0.0000,
        0.0000, 0.0000, 0.0000, 0.0000, 0.0000, 0.0000, 0.0000, 0.0000, 0.0000,
        0.0000, 0.0000, 0.0000, 0.0000, 0.0000, 0.0000, 0.0000, 0.0000, 0.0000,
        0.0000, 0.0000, 0.0000, 0.0000, 0.0000, 0.0000, 0.0000, 0.0000, 0.0000,
        0.0000, 0.0000, 0.0000, 0.0000, 0.0000, 0.0000, 0.0000, 0.0000, 0.0000,
        0.0000, 0.0000, 0.0000, 0.0000, 0.0000, 0.0000, 0.0000, 0.0000],
       dtype=torch.float64)
epoch=1, mAP=tensor([0.5414, 0.5614, 0.2602, 0.6518, 0.7510, 0.8896, 0.7604, 0.4587, 0.4691,
        0.0753, 0.7198, 0.2159, 0.0933, 0.4799, 0.2233, 0.4598, 0.4503, 0.7380,
        0.3259, 0.3753, 0.7825, 0.6261, 0.8750, 0.7303, 0.1652, 0.5200, 0.0333,
        0.2434, 0.2993, 0.4311, 0.2521, 0.3594, 0.3324, 0.2826, 0.3634, 0.1787,
        0.5652, 0.5524, 0.5172, 0.1063, 0.3238, 0.0373, 0.0829, 0.0385, 0.0648,
        0.0336, 0.1596, 0.2971, 0.3098, 0.1571, 0.3621, 0.0984, 0.2638, 0.4380,
        0.3692, 0.4309, 0.0603, 0.3726, 0.1239, 0.5074, 0.2984, 0.6217, 0.2492,
        0.5609, 0.0423, 0.1543, 0.1817, 0.0895, 0.2444, 0.1579, 0.0000, 0.1372,
        0.5644, 0.1775, 0.3551, 0.0577, 0.1622, 0.5271, 0.0222, 0.3037],
       dtype=torch.float64), max_recall=tensor([0.8039, 0.7326, 0.8746, 0.7804, 0.8354, 0.9510, 0.8438, 0.8774, 0.7868,
        0.4884, 0.8286, 0.3636, 0.3488, 0.8354, 0.6733, 0.8462, 0.8881, 0.8582,
        0.5953, 0.6284, 0.8910, 0.6897, 1.0000, 0.8300, 0.6090, 0.7385, 0.6545,
        0.6436, 0.5620, 0.5545, 0.4156, 0.4876, 0.5168, 0.5299, 0.5168, 0.5246,
        0.6234, 0.6987, 0.6863, 0.5059, 0.8349, 0.5108, 0.3800, 0.2545, 0.2841,
        0.7586, 0.3875, 0.4943, 0.6000, 0.6000, 0.5600, 0.3084, 0.4167, 0.7143,
        0.6408, 0.6391, 0.5950, 0.7500, 0.9500, 0.8362, 0.8323, 0.6957, 0.8281,
        0.8214, 0.3235, 0.3559, 0.4868, 0.3171, 0.6000, 0.5000, 0.0000, 0.5000,
        0.9412, 0.4730, 0.6098, 0.2162, 0.4198, 0.7158, 0.1333, 0.4286],
       dtype=torch.float64)
